SdkRegistrants_1568077713181=com.gwtplugins.gwt.eclipse.sdkbundle.gwt27_2.7.0.201710131939,com.gwtplugins.gwt.eclipse.sdkbundle.gwt28_2.8.0.201710131939
eclipse.preferences.version=1
versionForLastForcedRebuild_CsvSearchEngine=3.0.0.201710131939
versionForLastForcedRebuild_CustomerManager=3.0.0.201710131939
versionForLastForcedRebuild_GwtExt=3.0.0.201710131939
versionForLastForcedRebuild_Highchart=3.0.0.201710131939
versionForLastForcedRebuild_JSON=3.0.0.201710131939
versionForLastForcedRebuild_Layout=3.0.0.201710131939
versionForLastForcedRebuild_Market=3.0.0.201710131939
versionForLastForcedRebuild_OnlineKeyboard=3.0.0.201710131939
versionForLastForcedRebuild_OpenAPI=3.0.0.201710131939
versionForLastForcedRebuild_TestGwtf=3.0.0.201710131939
versionForLastForcedRebuild_WebApp=3.0.0.201710131939
versionForLastForcedRebuild_market=3.0.0.201710131939
